000 39.994622 116.326757 40.007143 116.324088
001 39.995640 116.326413 40.009813 116.312616
002 39.926974 116.336419 39.922122 116.346384
003 39.973340 116.346788 39.964059 116.347008
027 39.949643 116.317514 39.939805 116.307322
031 39.955344 116.449808 39.963385 116.455111
032 40.034140 116.313074 40.042061 116.306781
033 39.974698 116.333750 39.967456 116.347453
040 39.971573 116.333311 39.966306 116.350351
044 39.973478 116.331242 39.982497 116.332388
045 31.842892 117.268123 31.852812 117.276198
046 40.024083 116.346126 40.029466 116.336610
051 39.976670 116.310867 39.990598 116.298347
055 39.973858 116.314348 39.974853 116.326023
056 39.975323 116.330055 39.983795 116.293723
058 39.973335 116.333372 39.991332 116.331763
059 39.973335 116.333372 39.991332 116.331763
063 39.896378 116.357542 39.896805 116.345357
064 39.975160 116.325392 39.985314 116.307406
069 39.998623 116.312432 39.989843 116.309818
070 39.966539 116.360406 39.966287 116.372084
073 39.977877 116.332008 39.977877 116.332008
075 39.973858 116.314348 39.974853 116.326023
078 39.975447 116.330813 39.965943 116.326265
079 39.966657 116.347354 39.957165 116.348319
081 39.976975 116.330749 39.984960 116.325400
083 39.975445 116.390073 39.976042 116.401742
089 41.925817 117.767550 41.929883 117.755500
091 40.079193 116.321662 40.069445 116.313530
092 39.967820 116.410675 39.964510 116.435647
093 39.975705 116.330987 39.984125 116.326925
095 39.975178 116.329788 39.975240 116.316065
101 32.516877 120.141448 32.509628 120.147845
102 39.971777 116.313195 39.975147 116.333653
104 39.990963 116.297588 39.982290 116.309533
109 39.986748 116.407598 39.981043 116.421500
110 39.988933 116.309625 39.968817 116.322213
113 39.979611 116.322936 39.984763 116.332753
114 39.954025 116.211788 39.945649 116.207415
120 42.519557 117.232542 42.528362 117.229892
127 39.982061 116.329442 39.988117 116.320721
129 39.998623 116.312432 39.989843 116.309818
130 39.984731 116.332012 39.993692 116.331459
131 39.984965 116.319680 39.985352 116.343133
132 29.857771 121.597472 29.848716 121.596250
133 24.633717 118.205984 24.642187 118.209558
134 39.974983 116.314617 39.975250 116.329250
136 39.995033 116.326767 40.003267 116.321717
137 39.972037 116.300710 39.962980 116.301466
138 39.993267 116.326583 40.002350 116.324800
139 39.984833 116.318667 39.975750 116.319017
143 39.961601 116.452909 39.968563 116.460643
145 39.968308 116.313866 39.959456 116.316524
146 39.966350 116.327750 39.954417 116.340517
147 39.974810 116.341592 39.982483 116.347779
148 30.628720 114.276987 30.626283 114.266943
149 39.963180 116.437993 39.968327 116.428360
150 39.987000 116.408833 39.984567 116.436467
151 39.904976 116.392597 39.905831 116.380852
152 40.000651 116.320109 39.992739 116.325665
154 39.975417 116.342767 39.979133 116.353433
155 39.877199 116.454909 39.868142 116.454602
156 39.973187 116.375027 39.982128 116.373508
157 39.975383 116.359183 39.975217 116.373083
158 39.984380 116.332110 39.992285 116.326448
159 39.976933 116.328257 39.979225 116.305437
160 13.418600 103.859457 13.427601 103.859537
161 39.975233 116.329433 39.933933 116.319467
162 39.099000 117.189617 39.110217 117.192117
164 39.969417 116.300833 39.979583 116.300617
166 39.991843 116.331465 39.982668 116.332153
169 40.028029 116.403830 40.037035 116.405462
170 39.993471 116.331717 40.002572 116.331268
171 39.960600 116.331433 39.972900 116.323633
172 62.306060 -150.101472 62.315033 -150.105670
173 39.959473 116.302330 39.965302 116.312772
174 39.970033 116.304133 39.979867 116.299733
175 39.988867 116.293333 39.994050 116.218050
176 40.000700 116.321733 40.010083 116.322550
177 39.976374 116.331658 39.968168 116.338212
178 39.975992 116.331816 39.975992 116.331816
180 39.119650 116.369462 39.110271 116.370024
181 39.989967 116.304850 39.980967 116.303283
005 39.999007 116.326802 40.007066 116.321276
007 39.974909 116.340626 39.986164 116.346904
008 39.981166 116.331096 39.985365 116.346247
009 39.998456 116.331362 40.000574 116.342729
011 39.947730 116.350383 39.956650 116.349183
012 39.982061 116.329442 39.988117 116.320721
015 39.986487 116.321248 39.991581 116.330860
016 39.967611 116.328020 39.974689 116.310703
023 22.815658 108.333045 22.822553 108.319318
026 40.020315 116.307962 40.011823 116.312151
028 39.929281 116.152567 39.936112 116.145006
029 39.857132 116.425757 39.857419 116.437462
043 39.882703 116.661252 39.885486 116.672422
071 39.979535 116.327337 39.980143 116.315595
112 39.976117 116.327650 39.971765 116.346688
115 39.907817 116.590167 39.911717 116.603600
119 39.962147 116.488514 39.970477 116.483673
122 39.969971 116.401225 39.961003 116.401941
124 39.865879 116.380229 39.867579 116.391709
125 39.995033 116.326767 40.003267 116.321717
135 39.961537 116.401918 39.970537 116.401358
165 39.978248 116.308778 39.975145 116.319747
179 40.016203 116.321079 40.024663 116.316896